CUSTCYCLE.TXT	UDDS+HWY+UDDS+US06
Test Time, secs Target Speed, mph
0 0.0
1	0.0
2	0.0
3	0.0
4	0.0
5	0.0
6	0.0
7	0.0
8	0.0
9	0.0
10	0.0
11	0.0
12	0.0
13	0.0
14	0.0
15	0.0
16	0.0
17	0.0
18	0.0
19	0.0
20	0.0
21	2.5
22	4.6
23	6.6
24	10.6
25	14.3
26	16.9
27	17.2
28	18.3
29	20.7
30	21.5
31	22.0
32	22.3
33	22.2
34	21.0
35	20.6
36	20.3
37	19.1
38	15.2
39	13.9
40	14.2
41	15.1
42	16.1
43	16.7
44	17.5
45	19.6
46	22.1
47	23.4
48	23.5
49	23.4
50	22.7
51	19.8
52	18.5
53	16.7
54	16.3
55	16.3
56	18.3
57	21.0
58	22.3
59	22.8
60	23.4
61	24.3
62	24.9
63	25.0
64	25.0
65	25.1
66	25.0
67	24.9
68	25.0
69	24.8
70	24.8
71	25.0
72	25.2
73	25.3
74	25.2
75	25.2
76	25.4
77	25.7
78	26.0
79	26.1
80	26.2
81	26.5
82	27.1
83	27.9
84	28.8
85	29.3
86	29.7
87	30.0
88	30.4
89	30.6
90	30.7
91	30.8
92	30.7
93	30.5
94	30.6
95	30.7
96	30.5
97	30.1
98	29.8
99	30.0
100	30.5
101	30.8
102	30.9
103	30.9
104	30.7
105	30.3
106	29.8
107	30.0
108	30.3
109	30.6
110	31.0
111	31.6
112	31.8
113	31.8
114	32.1
115	30.3
116	26.7
117	23.9
118	20.9
119	18.0
120	14.6
121	10.7
122	7.6
123	4.2
124	1.0
125	0.0
126	0.0
127	0.0
128	0.0
129	0.0
130	0.0
131	0.0
132	0.0
133	0.0
134	0.0
135	0.0
136	0.0
137	0.0
138	0.0
139	0.0
140	0.0
141	0.0
142	0.0
143	0.0
144	0.0
145	0.0
146	0.0
147	0.0
148	0.0
149	0.0
150	0.0
151	0.0
152	0.0
153	0.0
154	0.0
155	0.0
156	0.0
157	0.0
158	0.0
159	0.0
160	0.0
161	0.0
162	0.0
163	0.1
164	3.4
165	6.3
166	9.4
167	12.3
168	16.0
169	19.2
170	22.0
171	23.9
172	25.3
173	26.1
174	25.9
175	25.1
176	24.8
177	24.6
178	24.6
179	24.7
180	25.6
181	28.3
182	25.7
183	23.2
184	22.3
185	18.9
186	17.2
187	16.6
188	16.7
189	18.6
190	21.0
191	22.7
192	24.7
193	27.4
194	30.6
195	33.7
196	36.1
197	37.2
198	39.3
199	40.3
200	41.7
201	43.2
202	45.1
203	46.6
204	47.1
205	47.2
206	47.1
207	47.2
208	47.3
209	47.2
210	47.0
211	47.0
212	47.0
213	47.0
214	47.2
215	47.6
216	48.3
217	49.1
218	49.5
219	49.7
220	50.0
221	50.5
222	51.0
223	51.6
224	52.2
225	53.1
226	54.1
227	54.4
228	54.5
229	54.6
230	54.6
231	54.7
232	54.9
233	55.1
234	55.2
235	55.4
236	55.7
237	56.1
238	56.4
239	56.4
240	56.6
241	56.7
242	56.5
243	56.5
244	56.6
245	56.5
246	56.5
247	56.5
248	56.4
249	56.0
250	55.6
251	55.1
252	54.7
253	54.3
254	53.9
255	53.6
256	53.6
257	53.8
258	53.8
259	53.9
260	53.9
261	53.5
262	53.2
263	52.9
264	52.6
265	52.2
266	52.1
267	51.8
268	51.6
269	51.6
270	51.4
271	51.6
272	51.7
273	52.0
274	52.5
275	52.8
276	53.3
277	54.0
278	54.9
279	55.3
280	55.5
281	55.6
282	55.5
283	55.2
284	55.1
285	54.6
286	54.0
287	52.7
288	51.8
289	51.4
290	51.1
291	50.6
292	49.8
293	49.7
294	49.9
295	49.6
296	49.2
297	49.2
298	49.2
299	49.0
300	48.7
301	48.4
302	48.0
303	47.4
304	46.3
305	45.2
306	44.3
307	42.6
308	41.0
309	40.1
310	38.6
311	36.9
312	35.8
313	34.1
314	32.9
315	31.5
316	30.5
317	30.4
318	30.0
319	29.3
320	27.0
321	23.8
322	21.0
323	19.9
324	18.6
325	18.0
326	16.6
327	14.9
328	12.0
329	9.5
330	6.6
331	3.3
332	1.6
333	0.9
334	0.0
335	0.0
336	0.0
337	0.0
338	0.0
339	0.0
340	0.0
341	0.0
342	0.0
343	0.0
344	0.0
345	0.0
346	0.0
347	1.3
348	4.8
349	7.6
350	11.1
351	14.8
352	18.0
353	20.6
354	22.6
355	23.4
356	24.6
357	26.4
358	28.1
359	29.8
360	30.5
361	31.2
362	31.9
363	32.3
364	33.2
365	34.7
366	35.1
367	35.0
368	34.8
369	34.8
370	34.7
371	35.3
372	36.2
373	36.2
374	36.1
375	36.0
376	35.9
377	35.8
378	35.8
379	35.8
380	35.8
381	35.8
382	35.9
383	35.4
384	34.9
385	32.5
386	30.8
387	29.1
388	26.2
389	23.4
390	20.5
391	17.5
392	14.6
393	11.4
394	8.1
395	4.8
396	0.6
397	0.0
398	0.0
399	0.0
400	0.0
401	0.0
402	0.0
403	2.9
404	5.1
405	7.7
406	11.6
407	15.4
408	19.2
409	22.8
410	25.2
411	25.6
412	27.4
413	29.1
414	29.9
415	30.1
416	29.9
417	29.8
418	29.6
419	29.2
420	27.2
421	24.0
422	21.1
423	18.1
424	14.9
425	11.7
426	8.5
427	5.3
428	2.1
429	0.2
430	0.0
431	0.0
432	0.0
433	0.0
434	0.0
435	0.0
436	0.0
437	0.0
438	0.0
439	0.0
440	0.0
441	0.0
442	0.0
443	0.0
444	0.0
445	0.0
446	0.0
447	0.3
448	4.9
449	6.3
450	9.2
451	13.1
452	16.8
453	20.3
454	23.8
455	26.6
456	27.9
457	29.0
458	31.5
459	33.0
460	33.5
461	34.6
462	35.2
463	35.5
464	35.9
465	36.0
466	36.0
467	36.0
468	36.0
469	35.9
470	35.8
471	35.7
472	35.5
473	35.5
474	35.4
475	35.3
476	35.2
477	35.2
478	35.1
479	35.1
480	35.1
481	35.1
482	35.0
483	35.3
484	35.5
485	35.4
486	35.3
487	35.2
488	35.2
489	35.1
490	35.1
491	34.9
492	34.0
493	32.1
494	29.9
495	27.6
496	25.2
497	22.3
498	19.3
499	16.1
500	12.7
501	9.3
502	6.0
503	2.7
504	0.9
505	0.0
506	0.0
507	0.0
508	0.0
509	0.0
510	0.0
511	1.2
512	3.7
513	4.4
514	5.6
515	7.7
516	9.6
517	11.1
518	12.4
519	13.8
520	15.6
521	17.3
522	18.6
523	19.2
524	20.3
525	22.0
526	23.2
527	23.9
528	24.4
529	25.1
530	25.3
531	25.3
532	25.2
533	25.2
534	25.1
535	25.1
536	25.4
537	25.6
538	25.7
539	25.6
540	25.4
541	25.2
542	25.2
543	25.2
544	24.7
545	21.2
546	18.0
547	15.2
548	12.1
549	9.1
550	5.4
551	2.0
552	0.0
553	0.0
554	0.0
555	0.0
556	0.0
557	0.0
558	0.0
559	0.0
560	0.0
561	0.0
562	0.0
563	0.0
564	0.0
565	0.0
566	0.0
567	0.0
568	0.0
569	3.5
570	6.2
571	9.4
572	13.0
573	15.2
574	16.1
575	16.8
576	17.1
577	17.0
578	17.1
579	17.5
580	17.6
581	17.5
582	17.3
583	17.1
584	17.1
585	17.3
586	17.4
587	17.2
588	16.9
589	16.6
590	16.5
591	16.6
592	16.8
593	17.2
594	18.0
595	19.1
596	19.9
597	20.6
598	21.0
599	21.2
600	21.5
601	21.8
602	22.1
603	22.2
604	22.3
605	22.3
606	22.4
607	23.8
608	25.5
609	26.0
610	26.3
611	26.6
612	25.7
613	22.3
614	19.9
615	16.5
616	13.1
617	9.9
618	6.5
619	3.0
620	0.1
621	0.0
622	0.0
623	0.0
624	0.0
625	0.0
626	0.0
627	0.0
628	0.0
629	0.0
630	0.0
631	0.0
632	0.0
633	0.0
634	0.0
635	0.0
636	0.0
637	0.0
638	0.0
639	0.0
640	0.0
641	0.0
642	0.0
643	0.0
644	0.0
645	0.0
646	2.9
647	5.0
648	6.8
649	9.6
650	12.3
651	14.1
652	15.4
653	17.2
654	19.4
655	21.0
656	22.3
657	23.1
658	24.1
659	25.1
660	25.4
661	25.8
662	27.4
663	27.3
664	26.9
665	26.6
666	26.5
667	26.3
668	26.0
669	24.9
670	22.2
671	20.1
672	18.0
673	16.0
674	13.9
675	11.2
676	8.4
677	6.0
678	3.4
679	2.2
680	0.7
681	0.0
682	0.0
683	0.0
684	0.0
685	0.0
686	0.0
687	0.0
688	0.0
689	0.0
690	0.0
691	0.0
692	0.0
693	0.0
694	1.0
695	3.3
696	4.0
697	5.9
698	8.4
699	10.8
700	13.2
701	14.5
702	16.6
703	17.0
704	16.8
705	16.7
706	18.2
707	19.8
708	20.3
709	21.1
710	22.1
711	22.5
712	22.3
713	22.3
714	23.4
715	23.9
716	23.4
717	21.7
718	20.3
719	17.6
720	14.8
721	11.4
722	8.4
723	5.7
724	4.0
725	3.0
726	2.3
727	0.4
728	1.0
729	4.9
730	7.2
731	10.1
732	12.5
733	13.8
734	15.7
735	17.8
736	19.6
737	21.3
738	23.2
739	24.5
740	25.5
741	26.6
742	27.1
743	27.4
744	27.7
745	28.0
746	28.4
747	28.5
748	28.5
749	28.4
750	28.2
751	27.6
752	26.5
753	24.7
754	22.6
755	20.9
756	18.8
757	16.4
758	14.0
759	11.5
760	8.1
761	4.5
762	2.8
763	2.6
764	1.4
765	0.4
766	0.2
767	4.3
768	5.8
769	9.2
770	12.8
771	16.2
772	17.9
773	18.6
774	19.4
775	20.4
776	21.9
777	23.6
778	25.1
779	26.4
780	26.9
781	27.3
782	27.9
783	28.6
784	28.8
785	28.9
786	29.0
787	28.9
788	28.8
789	28.6
790	28.5
791	28.2
792	27.8
793	27.5
794	27.4
795	27.3
796	27.3
797	27.3
798	27.4
799	27.5
800	27.7
801	28.4
802	30.5
803	31.4
804	31.9
805	32.7
806	33.1
807	33.5
808	34.0
809	34.4
810	34.3
811	34.2
812	34.1
813	33.9
814	33.7
815	33.4
816	33.2
817	32.8
818	32.4
819	32.0
820	31.6
821	31.6
822	30.3
823	30.0
824	29.7
825	29.7
826	29.6
827	29.6
828	29.5
829	29.4
830	29.3
831	29.1
832	28.9
833	28.6
834	28.0
835	26.6
836	25.1
837	23.6
838	21.9
839	20.3
840	19.2
841	19.2
842	19.4
843	19.9
844	20.9
845	21.9
846	22.4
847	23.0
848	23.9
849	24.7
850	25.7
851	26.5
852	26.6
853	26.7
854	26.7
855	27.0
856	27.3
857	27.8
858	28.6
859	28.9
860	29.0
861	29.1
862	29.1
863	28.8
864	28.3
865	27.0
866	25.8
867	25.3
868	24.8
869	24.8
870	24.9
871	25.1
872	25.5
873	26.2
874	26.8
875	27.1
876	27.5
877	28.0
878	28.5
879	28.9
880	29.1
881	28.9
882	28.6
883	28.4
884	28.1
885	27.9
886	27.9
887	27.6
888	27.4
889	27.2
890	27.2
891	27.4
892	27.6
893	27.7
894	27.8
895	27.8
896	27.8
897	27.8
898	27.7
899	27.5
900	27.3
901	27.1
902	26.9
903	26.7
904	26.6
905	26.5
906	26.4
907	26.1
908	25.8
909	25.6
910	25.5
911	25.4
912	25.4
913	25.5
914	24.0
915	23.2
916	22.8
917	22.6
918	22.3
919	22.4
920	23.0
921	24.0
922	24.5
923	24.8
924	24.9
925	25.0
926	25.0
927	25.1
928	25.2
929	25.2
930	25.1
931	24.9
932	24.7
933	24.6
934	24.6
935	24.5
936	24.5
937	24.6
938	24.6
939	24.7
940	24.8
941	24.7
942	24.6
943	24.4
944	24.4
945	24.8
946	25.1
947	24.9
948	24.2
949	22.3
950	20.0
951	16.4
952	12.9
953	9.4
954	6.0
955	2.7
956	0.9
957	0.0
958	0.0
959	0.4
960	2.7
961	4.8
962	7.8
963	11.6
964	15.0
965	17.4
966	18.3
967	19.1
968	20.5
969	21.9
970	23.2
971	24.4
972	25.6
973	26.8
974	27.3
975	27.6
976	27.8
977	28.1
978	28.3
979	28.2
980	27.9
981	27.6
982	27.2
983	26.5
984	25.8
985	25.3
986	24.7
987	23.2
988	21.6
989	21.5
990	21.4
991	21.7
992	22.1
993	22.7
994	23.0
995	23.0
996	22.9
997	22.9
998	22.8
999	23.1
1000	23.5
1001	23.9
1002	24.4
1003	24.7
1004	25.1
1005	25.3
1006	25.6
1007	25.5
1008	25.2
1009	24.5
1010	24.1
1011	23.6
1012	23.1
1013	22.6
1014	21.9
1015	21.3
1016	18.7
1017	15.6
1018	12.7
1019	10.1
1020	6.7
1021	3.2
1022	1.5
1023	0.0
1024	0.0
1025	0.0
1026	0.0
1027	0.0
1028	0.0
1029	0.0
1030	0.0
1031	0.0
1032	0.0
1033	0.0
1034	0.0
1035	0.0
1036	0.0
1037	0.0
1038	0.0
1039	0.0
1040	0.0
1041	0.0
1042	0.0
1043	0.0
1044	0.0
1045	0.0
1046	0.0
1047	0.0
1048	0.0
1049	0.0
1050	0.0
1051	0.0
1052	0.0
1053	1.6
1054	5.0
1055	7.7
1056	11.0
1057	14.0
1058	16.6
1059	18.1
1060	19.4
1061	21.4
1062	22.9
1063	23.9
1064	24.4
1065	25.2
1066	26.4
1067	26.8
1068	27.1
1069	27.6
1070	28.0
1071	27.9
1072	27.6
1073	27.3
1074	27.1
1075	26.3
1076	23.8
1077	21.9
1078	21.5
1079	20.0
1080	17.9
1081	14.7
1082	12.2
1083	10.7
1084	10.1
1085	9.6
1086	9.2
1087	8.8
1088	8.4
1089	8.3
1090	8.3
1091	8.5
1092	8.6
1093	8.5
1094	8.0
1095	6.6
1096	5.2
1097	4.6
1098	2.3
1099	1.9
1100	0.2
1101	0.0
1102	0.1
1103	1.6
1104	3.5
1105	5.3
1106	8.6
1107	12.8
1108	14.4
1109	14.7
1110	15.7
1111	18.1
1112	20.1
1113	21.1
1114	21.3
1115	21.4
1116	21.6
1117	21.8
1118	22.3
1119	22.9
1120	23.7
1121	24.4
1122	24.9
1123	25.1
1124	25.2
1125	25.3
1126	25.5
1127	25.8
1128	26.1
1129	26.4
1130	26.6
1131	26.8
1132	27.0
1133	27.0
1134	26.9
1135	26.9
1136	26.8
1137	26.8
1138	26.6
1139	26.4
1140	26.1
1141	25.8
1142	25.1
1143	23.4
1144	21.4
1145	19.4
1146	17.3
1147	16.4
1148	13.8
1149	10.7
1150	7.0
1151	3.4
1152	0.6
1153	0.0
1154	0.0
1155	0.0
1156	0.0
1157	0.0
1158	0.0
1159	0.0
1160	0.0
1161	0.0
1162	0.0
1163	0.0
1164	0.0
1165	0.0
1166	0.0
1167	0.0
1168	0.0
1169	2.5
1170	5.1
1171	8.3
1172	12.1
1173	15.6
1174	18.7
1175	20.6
1176	22.6
1177	23.0
1178	23.0
1179	22.3
1180	19.2
1181	16.1
1182	13.0
1183	9.7
1184	6.0
1185	2.4
1186	0.0
1187	0.0
1188	0.0
1189	0.0
1190	0.0
1191	0.0
1192	0.0
1193	0.0
1194	0.0
1195	0.0
1196	0.0
1197	0.0
1198	2.0
1199	4.6
1200	6.6
1201	9.7
1202	11.8
1203	12.9
1204	12.7
1205	12.4
1206	12.4
1207	12.5
1208	12.7
1209	13.6
1210	15.4
1211	17.2
1212	18.3
1213	19.5
1214	20.8
1215	21.3
1216	21.5
1217	21.5
1218	21.4
1219	21.3
1220	21.6
1221	21.9
1222	22.0
1223	21.9
1224	21.8
1225	21.6
1226	21.5
1227	21.3
1228	19.7
1229	19.2
1230	19.0
1231	19.0
1232	19.1
1233	19.4
1234	19.4
1235	17.5
1236	15.4
1237	12.7
1238	10.0
1239	7.5
1240	5.2
1241	3.7
1242	2.4
1243	2.0
1244	0.0
1245	0.0
1246	0.0
1247	0.0
1248	0.0
1249	0.0
1250	0.0
1251	0.0
1252	0.9
1253	1.8
1254	1.6
1255	1.5
1256	1.4
1257	1.8
1258	3.1
1259	3.3
1260	4.3
1261	5.5
1262	8.0
1263	11.0
1264	11.1
1265	9.8
1266	8.6
1267	8.1
1268	8.2
1269	10.3
1270	13.5
1271	16.4
1272	19.1
1273	20.6
1274	21.5
1275	22.2
1276	22.9
1277	23.6
1278	24.0
1279	24.5
1280	24.6
1281	24.2
1282	23.8
1283	23.7
1284	23.6
1285	23.6
1286	23.7
1287	23.7
1288	23.8
1289	24.0
1290	24.3
1291	24.5
1292	24.7
1293	25.0
1294	25.4
1295	25.6
1296	25.9
1297	26.2
1298	26.8
1299	27.6
1300	28.4
1301	29.0
1302	29.2
1303	29.1
1304	28.4
1305	24.7
1306	20.9
1307	17.2
1308	14.1
1309	11.0
1310	7.6
1311	4.0
1312	1.3
1313	0.0
1314	0.1
1315	0.0
1316	0.0
1317	0.0
1318	0.0
1319	0.0
1320	0.0
1321	0.0
1322	0.0
1323	0.0
1324	0.0
1325	0.0
1326	0.0
1327	0.0
1328	0.0
1329	0.0
1330	0.0
1331	0.0
1332	0.0
1333	0.0
1334	0.0
1335	0.0
1336	0.0
1337	0.0
1338	2.5
1339	6.1
1340	9.3
1341	12.4
1342	14.4
1343	15.6
1344	16.8
1345	18.3
1346	19.5
1347	20.2
1348	21.2
1349	21.8
1350	22.1
1351	22.4
1352	22.4
1353	22.1
1354	21.6
1355	21.1
1356	20.5
1357	19.7
1358	18.3
1359	17.4
1360	16.6
1361	15.5
1362	13.6
1363	10.8
1364	7.8
1365	4.6
1366	1.9
1367	0.4
1368	0.0
1369	0.0
1370	0.0
1371	0.0
1372	0.0
1373	0.0
1374	0.0
1375	0.0
1376	0.0
1377	0.0
1378	0.0
1379	0.0
1380	0.0
1381	0.0
1382	0.0
1383	0.0
1384	0.0
1385	0.0
1386	0.0
1387	0.0
1388	0.0
1389	0.0
1390	0.0
1391	0.0
1392	3.0
1393	4.9
1394	7.8
1395	11.0
1396	14.2
1397	17.1
1398	19.8
1399	22.2
1400	24.0
1401	25.4
1402	26.5
1403	27.1
1404	28.3
1405	30.2
1406	31.2
1407	31.8
1408	32.3
1409	32.8
1410	33.4
1411	33.9
1412	34.4
1413	34.7
1414	34.9
1415	35.2
1416	35.5
1417	35.5
1418	35.4
1419	35.1
1420	34.7
1421	34.5
1422	34.6
1423	34.9
1424	35.2
1425	35.4
1426	35.7
1427	36.0
1428	36.2
1429	36.4
1430	36.6
1431	36.6
1432	36.6
1433	36.6
1434	36.6
1435	36.7
1436	36.8
1437	37.1
1438	37.7
1439	38.9
1440	39.7
1441	40.3
1442	40.9
1443	41.4
1444	41.9
1445	42.5
1446	43.2
1447	43.6
1448	43.8
1449	44.2
1450	44.6
1451	44.8
1452	44.9
1453	45.0
1454	45.2
1455	45.6
1456	46.0
1457	46.3
1458	46.6
1459	46.7
1460	46.8
1461	46.9
1462	47.0
1463	47.1
1464	47.2
1465	47.2
1466	47.2
1467	47.0
1468	46.9
1469	46.9
1470	46.9
1471	47.0
1472	47.0
1473	46.9
1474	46.9
1475	46.9
1476	46.8
1477	46.7
1478	46.5
1479	46.2
1480	46.2
1481	46.5
1482	46.6
1483	46.7
1484	47.1
1485	47.2
1486	47.5
1487	47.7
1488	48.0
1489	48.5
1490	48.8
1491	49.0
1492	49.0
1493	48.8
1494	48.9
1495	48.9
1496	48.9
1497	49.0
1498	49.3
1499	49.5
1500	49.6
1501	49.6
1502	49.6
1503	49.4
1504	49.2
1505	49.0
1506	48.8
1507	48.6
1508	48.4
1509	48.1
1510	47.9
1511	47.6
1512	47.4
1513	47.5
1514	47.8
1515	47.9
1516	47.9
1517	47.7
1518	47.6
1519	47.6
1520	47.7
1521	47.7
1522	47.8
1523	47.7
1524	47.4
1525	46.6
1526	43.2
1527	40.3
1528	39.7
1529	39.2
1530	38.9
1531	38.7
1532	38.6
1533	38.7
1534	39.9
1535	41.6
1536	42.4
1537	42.8
1538	43.5
1539	43.9
1540	44.3
1541	44.6
1542	44.7
1543	44.9
1544	45.1
1545	45.2
1546	45.5
1547	45.8
1548	46.1
1549	46.6
1550	46.9
1551	47.0
1552	47.1
1553	47.5
1554	48.0
1555	48.0
1556	47.9
1557	47.8
1558	47.7
1559	47.4
1560	47.0
1561	46.7
1562	46.2
1563	45.9
1564	45.5
1565	45.3
1566	45.2
1567	44.9
1568	44.3
1569	43.3
1570	42.0
1571	41.7
1572	41.5
1573	41.7
1574	43.3
1575	44.1
1576	44.2
1577	43.9
1578	43.7
1579	43.4
1580	43.3
1581	43.3
1582	43.7
1583	44.2
1584	44.5
1585	44.7
1586	44.7
1587	44.4
1588	44.0
1589	43.6
1590	43.3
1591	43.2
1592	43.2
1593	43.0
1594	42.9
1595	42.9
1596	43.2
1597	43.6
1598	43.9
1599	43.8
1600	43.2
1601	41.8
1602	40.7
1603	40.3
1604	40.0
1605	40.1
1606	40.8
1607	42.6
1608	43.1
1609	43.0
1610	42.9
1611	42.9
1612	43.3
1613	44.2
1614	44.8
1615	44.9
1616	45.2
1617	45.6
1618	46.2
1619	46.9
1620	47.1
1621	47.0
1622	46.9
1623	46.9
1624	47.2
1625	47.2
1626	47.1
1627	47.1
1628	47.1
1629	46.9
1630	46.7
1631	46.7
1632	46.9
1633	47.0
1634	47.1
1635	47.5
1636	47.9
1637	48.0
1638	47.9
1639	48.0
1640	47.9
1641	47.9
1642	48.2
1643	48.2
1644	48.0
1645	47.9
1646	48.3
1647	49.0
1648	49.1
1649	49.0
1650	49.2
1651	49.1
1652	48.9
1653	48.7
1654	48.5
1655	48.2
1656	47.9
1657	47.5
1658	47.2
1659	46.8
1660	46.3
1661	46.0
1662	45.7
1663	45.5
1664	45.2
1665	44.9
1666	44.7
1667	44.5
1668	44.2
1669	44.0
1670	43.6
1671	43.1
1672	42.0
1673	39.2
1674	38.7
1675	37.4
1676	36.0
1677	35.0
1678	33.8
1679	33.1
1680	32.4
1681	31.5
1682	30.6
1683	29.3
1684	28.5
1685	28.2
1686	28.0
1687	28.7
1688	32.2
1689	34.3
1690	36.0
1691	37.2
1692	38.9
1693	39.9
1694	40.6
1695	41.7
1696	42.4
1697	42.8
1698	43.2
1699	43.7
1700	44.1
1701	44.5
1702	44.8
1703	45.1
1704	45.3
1705	45.4
1706	45.6
1707	45.7
1708	45.8
1709	46.1
1710	46.7
1711	47.2
1712	47.8
1713	48.3
1714	49.0
1715	49.5
1716	50.0
1717	51.0
1718	51.9
1719	52.9
1720	53.5
1721	53.7
1722	54.2
1723	55.3
1724	56.1
1725	56.4
1726	56.6
1727	56.8
1728	57.0
1729	57.3
1730	57.5
1731	57.6
1732	58.0
1733	58.0
1734	58.2
1735	58.7
1736	58.9
1737	58.9
1738	58.9
1739	58.8
1740	58.7
1741	58.7
1742	58.5
1743	58.4
1744	58.3
1745	58.1
1746	58.0
1747	57.8
1748	57.7
1749	57.5
1750	57.3
1751	57.0
1752	56.8
1753	56.8
1754	56.8
1755	56.8
1756	57.0
1757	56.9
1758	56.8
1759	56.8
1760	56.8
1761	56.7
1762	56.7
1763	56.8
1764	56.7
1765	56.7
1766	56.7
1767	56.6
1768	56.3
1769	56.1
1770	56.2
1771	56.1
1772	56.3
1773	56.6
1774	56.7
1775	56.8
1776	56.7
1777	57.0
1778	57.4
1779	57.4
1780	57.2
1781	57.1
1782	56.9
1783	56.7
1784	56.5
1785	56.3
1786	56.1
1787	56.3
1788	57.3
1789	57.6
1790	57.4
1791	57.3
1792	57.5
1793	57.5
1794	57.6
1795	57.8
1796	57.8
1797	57.8
1798	57.8
1799	57.7
1800	57.7
1801	57.7
1802	57.8
1803	57.8
1804	58.1
1805	58.2
1806	58.3
1807	58.7
1808	59.1
1809	59.2
1810	59.6
1811	60.0
1812	60.1
1813	59.8
1814	59.4
1815	59.1
1816	58.9
1817	58.8
1818	58.7
1819	58.7
1820	58.6
1821	58.5
1822	58.5
1823	58.4
1824	58.4
1825	58.3
1826	58.2
1827	58.2
1828	58.1
1829	58.0
1830	57.9
1831	57.8
1832	57.7
1833	57.7
1834	57.8
1835	57.7
1836	57.8
1837	57.8
1838	57.9
1839	58.0
1840	58.0
1841	58.0
1842	58.0
1843	58.0
1844	58.0
1845	58.0
1846	57.9
1847	57.9
1848	57.9
1849	57.9
1850	58.0
1851	58.0
1852	58.1
1853	58.2
1854	58.1
1855	58.2
1856	58.1
1857	57.9
1858	57.7
1859	57.6
1860	57.3
1861	57.1
1862	56.8
1863	56.6
1864	56.3
1865	56.0
1866	55.7
1867	55.5
1868	55.4
1869	55.3
1870	54.9
1871	54.8
1872	54.8
1873	54.8
1874	54.7
1875	54.6
1876	54.6
1877	54.6
1878	54.7
1879	54.6
1880	54.6
1881	54.6
1882	54.7
1883	54.8
1884	54.7
1885	54.7
1886	54.7
1887	54.7
1888	54.7
1889	54.6
1890	54.6
1891	54.4
1892	54.1
1893	54.1
1894	53.9
1895	53.9
1896	53.8
1897	53.8
1898	53.8
1899	53.9
1900	53.9
1901	54.0
1902	54.0
1903	54.0
1904	54.0
1905	53.9
1906	54.1
1907	54.4
1908	54.5
1909	54.5
1910	54.6
1911	54.7
1912	54.8
1913	55.1
1914	55.1
1915	55.1
1916	55.3
1917	55.4
1918	55.4
1919	55.3
1920	55.6
1921	55.8
1922	55.9
1923	56.0
1924	56.1
1925	56.0
1926	56.0
1927	56.1
1928	55.9
1929	55.9
1930	55.8
1931	55.7
1932	55.7
1933	55.8
1934	55.8
1935	55.8
1936	55.8
1937	55.8
1938	55.9
1939	55.7
1940	55.6
1941	55.4
1942	55.2
1943	55.0
1944	54.9
1945	54.7
1946	54.5
1947	54.3
1948	54.1
1949	53.8
1950	53.6
1951	53.3
1952	53.1
1953	52.9
1954	52.6
1955	52.5
1956	52.4
1957	52.3
1958	52.2
1959	52.2
1960	52.1
1961	52.1
1962	52.0
1963	51.9
1964	52.0
1965	51.9
1966	51.8
1967	51.6
1968	51.4
1969	51.1
1970	50.8
1971	50.5
1972	50.1
1973	49.5
1974	48.8
1975	48.1
1976	47.9
1977	47.6
1978	47.7
1979	48.0
1980	48.2
1981	48.5
1982	48.6
1983	48.7
1984	48.8
1985	48.8
1986	48.8
1987	48.8
1988	48.6
1989	48.4
1990	48.1
1991	47.9
1992	47.6
1993	47.4
1994	47.5
1995	48.2
1996	49.2
1997	49.1
1998	48.8
1999	48.6
2000	48.2
2001	47.5
2002	46.8
2003	46.3
2004	46.1
2005	46.0
2006	46.7
2007	48.2
2008	48.7
2009	49.5
2010	50.3
2011	51.0
2012	51.7
2013	52.6
2014	52.9
2015	53.2
2016	53.5
2017	53.9
2018	54.4
2019	54.6
2020	54.6
2021	54.7
2022	55.2
2023	55.5
2024	55.1
2025	53.3
2026	50.9
2027	50.0
2028	47.7
2029	46.7
2030	46.1
2031	45.9
2032	45.7
2033	45.8
2034	46.5
2035	47.8
2036	48.3
2037	48.7
2038	49.5
2039	50.5
2040	50.5
2041	50.8
2042	51.2
2043	51.7
2044	52.3
2045	52.1
2046	51.8
2047	51.4
2048	51.1
2049	51.0
2050	51.2
2051	51.3
2052	51.2
2053	51.3
2054	51.7
2055	52.1
2056	52.7
2057	52.8
2058	52.6
2059	52.3
2060	52.2
2061	52.2
2062	52.5
2063	52.6
2064	52.5
2065	52.4
2066	52.1
2067	51.8
2068	51.4
2069	51.0
2070	50.5
2071	50.0
2072	49.5
2073	49.3
2074	49.1
2075	49.2
2076	49.5
2077	49.8
2078	49.9
2079	50.2
2080	50.5
2081	50.8
2082	51.2
2083	51.7
2084	51.7
2085	51.9
2086	52.5
2087	52.9
2088	53.2
2089	53.4
2090	53.8
2091	54.0
2092	54.7
2093	55.5
2094	56.0
2095	56.2
2096	56.0
2097	56.1
2098	56.2
2099	56.3
2100	56.4
2101	56.7
2102	57.6
2103	58.0
2104	58.4
2105	59.0
2106	59.2
2107	59.1
2108	58.9
2109	58.8
2110	58.5
2111	58.1
2112	57.9
2113	57.5
2114	57.1
2115	56.6
2116	56.2
2117	55.8
2118	55.4
2119	55.0
2120	54.6
2121	54.2
2122	53.7
2123	53.2
2124	52.6
2125	52.1
2126	51.2
2127	50.4
2128	49.5
2129	48.3
2130	47.3
2131	46.5
2132	45.3
2133	44.0
2134	40.9
2135	37.3
2136	34.7
2137	31.2
2138	28.2
2139	25.6
2140	23.3
2141	21.1
2142	19.1
2143	16.9
2144	14.6
2145	12.1
2146	9.4
2147	6.6
2148	4.0
2149	2.4
2150	2.1
2151	1.6
2152	0.0
2153	0.0
2154	0.0
2155	0.0
2156	0.0
2157	0.0
2158	0.0
2159	0.0
2160	0.0
2161	0.0
2162	0.0
2163	0.0
2164	0.0
2165	0.0
2166	0.0
2167	0.0
2168	0.0
2169	0.0
2170	0.0
2171	0.0
2172	0.0
2173	0.0
2174	0.0
2175	0.0
2176	0.0
2177	0.0
2178	0.0
2179	0.0
2180	0.0
2181	0.0
2182	0.0
2183	0.0
2184	0.0
2185	0.0
2186	0.0
2187	0.0
2188	0.0
2189	0.0
2190	0.0
2191	0.0
2192	0.0
2193	0.0
2194	0.0
2195	0.0
2196	0.0
2197	0.0
2198	0.0
2199	0.0
2200	0.0
2201	0.0
2202	0.0
2203	0.0
2204	0.0
2205	0.0
2206	0.0
2207	0.0
2208	0.0
2209	0.0
2210	0.0
2211	0.0
2212	0.0
2213	0.0
2214	0.0
2215	0.0
2216	0.0
2217	0.0
2218	0.0
2219	0.0
2220	0.0
2221	0.0
2222	0.0
2223	0.0
2224	0.0
2225	0.0
2226	0.0
2227	0.0
2228	0.0
2229	0.0
2230	0.0
2231	0.0
2232	0.0
2233	0.0
2234	0.0
2235	0.0
2236	0.0
2237	0.0
2238	0.0
2239	0.0
2240	0.0
2241	0.0
2242	0.0
2243	0.0
2244	0.0
2245	0.0
2246	0.0
2247	0.0
2248	0.0
2249	0.0
2250	0.0
2251	0.0
2252	0.0
2253	0.0
2254	0.0
2255	0.0
2256	0.0
2257	0.0
2258	0.0
2259	0.0
2260	0.0
2261	0.0
2262	0.0
2263	0.0
2264	0.0
2265	0.0
2266	0.0
2267	0.0
2268	0.0
2269	0.0
2270	0.0
2271	0.0
2272	0.0
2273	0.0
2274	0.0
2275	0.0
2276	0.0
2277	0.0
2278	0.0
2279	0.0
2280	0.0
2281	0.0
2282	0.0
2283	0.0
2284	0.0
2285	0.0
2286	0.0
2287	0.0
2288	0.0
2289	0.0
2290	0.0
2291	0.0
2292	0.0
2293	0.0
2294	0.0
2295	0.0
2296	0.0
2297	0.0
2298	0.0
2299	0.0
2300	0.0
2301	0.0
2302	0.0
2303	0.0
2304	0.0
2305	0.0
2306	0.0
2307	0.0
2308	0.0
2309	0.0
2310	0.0
2311	0.0
2312	0.0
2313	0.0
2314	0.0
2315	0.0
2316	0.0
2317	0.0
2318	0.0
2319	0.0
2320	0.0
2321	0.0
2322	0.0
2323	0.0
2324	0.0
2325	0.0
2326	0.0
2327	0.0
2328	0.0
2329	0.0
2330	0.0
2331	0.0
2332	0.0
2333	0.0
2334	0.0
2335	0.0
2336	0.0
2337	0.0
2338	0.0
2339	0.0
2340	0.0
2341	0.0
2342	0.0
2343	0.0
2344	0.0
2345	0.0
2346	0.0
2347	0.0
2348	0.0
2349	0.0
2350	0.0
2351	0.0
2352	0.0
2353	0.0
2354	0.0
2355	0.0
2356	0.0
2357	0.0
2358	0.0
2359	0.0
2360	0.0
2361	0.0
2362	0.0
2363	0.0
2364	0.0
2365	0.0
2366	0.0
2367	0.0
2368	0.0
2369	0.0
2370	0.0
2371	0.0
2372	0.0
2373	0.0
2374	0.0
2375	0.0
2376	0.0
2377	0.0
2378	0.0
2379	0.0
2380	0.0
2381	0.0
2382	0.0
2383	0.0
2384	0.0
2385	0.0
2386	0.0
2387	0.0
2388	0.0
2389	0.0
2390	0.0
2391	0.0
2392	0.0
2393	0.0
2394	0.0
2395	0.0
2396	0.0
2397	0.0
2398	0.0
2399	0.0
2400	0.0
2401	0.0
2402	0.0
2403	0.0
2404	0.0
2405	0.0
2406	0.0
2407	0.0
2408	0.0
2409	0.0
2410	0.0
2411	0.0
2412	0.0
2413	0.0
2414	0.0
2415	0.0
2416	0.0
2417	0.0
2418	0.0
2419	0.0
2420	0.0
2421	0.0
2422	0.0
2423	0.0
2424	0.0
2425	0.0
2426	0.0
2427	0.0
2428	0.0
2429	0.0
2430	0.0
2431	0.0
2432	0.0
2433	0.0
2434	0.0
2435	0.0
2436	0.0
2437	0.0
2438	0.0
2439	0.0
2440	0.0
2441	0.0
2442	0.0
2443	0.0
2444	0.0
2445	0.0
2446	0.0
2447	0.0
2448	0.0
2449	0.0
2450	0.0
2451	0.0
2452	0.0
2453	0.0
2454	0.0
2455	0.0
2456	0.0
2457	0.0
2458	0.0
2459	0.0
2460	0.0
2461	0.0
2462	0.0
2463	0.0
2464	0.0
2465	0.0
2466	0.0
2467	0.0
2468	0.0
2469	0.0
2470	0.0
2471	0.0
2472	0.0
2473	0.0
2474	0.0
2475	0.0
2476	0.0
2477	0.0
2478	0.0
2479	0.0
2480	0.0
2481	0.0
2482	0.0
2483	0.0
2484	0.0
2485	0.0
2486	0.0
2487	0.0
2488	0.0
2489	0.0
2490	0.0
2491	0.0
2492	0.0
2493	0.0
2494	0.0
2495	0.0
2496	0.0
2497	0.0
2498	0.0
2499	0.0
2500	0.0
2501	0.0
2502	0.0
2503	0.0
2504	0.0
2505	0.0
2506	0.0
2507	0.0
2508	0.0
2509	0.0
2510	0.0
2511	0.0
2512	0.0
2513	0.0
2514	0.0
2515	0.0
2516	0.0
2517	0.0
2518	0.0
2519	0.0
2520	0.0
2521	0.0
2522	0.0
2523	0.0
2524	0.0
2525	0.0
2526	0.0
2527	0.0
2528	0.0
2529	0.0
2530	0.0
2531	0.0
2532	0.0
2533	0.0
2534	0.0
2535	0.0
2536	0.0
2537	0.0
2538	0.0
2539	0.0
2540	0.0
2541	0.0
2542	0.0
2543	0.0
2544	0.0
2545	0.0
2546	0.0
2547	0.0
2548	0.0
2549	0.0
2550	0.0
2551	0.0
2552	0.0
2553	0.0
2554	0.0
2555	0.0
2556	0.0
2557	0.0
2558	0.0
2559	0.0
2560	0.0
2561	0.0
2562	0.0
2563	0.0
2564	0.0
2565	0.0
2566	0.0
2567	0.0
2568	0.0
2569	0.0
2570	0.0
2571	0.0
2572	0.0
2573	0.0
2574	0.0
2575	0.0
2576	0.0
2577	0.0
2578	0.0
2579	0.0
2580	0.0
2581	0.0
2582	0.0
2583	0.0
2584	0.0
2585	0.0
2586	0.0
2587	0.0
2588	0.0
2589	0.0
2590	0.0
2591	0.0
2592	0.0
2593	0.0
2594	0.0
2595	0.0
2596	0.0
2597	0.0
2598	0.0
2599	0.0
2600	0.0
2601	0.0
2602	0.0
2603	0.0
2604	0.0
2605	0.0
2606	0.0
2607	0.0
2608	0.0
2609	0.0
2610	0.0
2611	0.0
2612	0.0
2613	0.0
2614	0.0
2615	0.0
2616	0.0
2617	0.0
2618	0.0
2619	0.0
2620	0.0
2621	0.0
2622	0.0
2623	0.0
2624	0.0
2625	0.0
2626	0.0
2627	0.0
2628	0.0
2629	0.0
2630	0.0
2631	0.0
2632	0.0
2633	0.0
2634	0.0
2635	0.0
2636	0.0
2637	0.0
2638	0.0
2639	0.0
2640	0.0
2641	0.0
2642	0.0
2643	0.0
2644	0.0
2645	0.0
2646	0.0
2647	0.0
2648	0.0
2649	0.0
2650	0.0
2651	0.0
2652	0.0
2653	0.0
2654	0.0
2655	0.0
2656	0.0
2657	0.0
2658	0.0
2659	0.0
2660	0.0
2661	0.0
2662	0.0
2663	0.0
2664	0.0
2665	0.0
2666	0.0
2667	0.0
2668	0.0
2669	0.0
2670	0.0
2671	0.0
2672	0.0
2673	0.0
2674	0.0
2675	0.0
2676	0.0
2677	0.0
2678	0.0
2679	0.0
2680	0.0
2681	0.0
2682	0.0
2683	0.0
2684	0.0
2685	0.0
2686	0.0
2687	0.0
2688	0.0
2689	0.0
2690	0.0
2691	0.0
2692	0.0
2693	0.0
2694	0.0
2695	0.0
2696	0.0
2697	0.0
2698	0.0
2699	0.0
2700	0.0
2701	0.0
2702	0.0
2703	0.0
2704	0.0
2705	0.0
2706	0.0
2707	0.0
2708	0.0
2709	0.0
2710	0.0
2711	0.0
2712	0.0
2713	0.0
2714	0.0
2715	0.0
2716	0.0
2717	0.0
2718	0.0
2719	0.0
2720	0.0
2721	0.0
2722	0.0
2723	0.0
2724	0.0
2725	0.0
2726	0.0
2727	0.0
2728	0.0
2729	0.0
2730	0.0
2731	0.0
2732	0.0
2733	0.0
2734	0.0
2735	0.0
2736	0.0
2737	0.0
2738	0.0
2739	0.0
2740	0.0
2741	0.0
2742	0.0
2743	0.0
2744	0.0
2745	0.0
2746	0.0
2747	0.0
2748	0.0
2749	0.0
2750	0.0
2751	0.0
2752	0.0
2753	0.0
2754	0.0
2755	0.0
2756	0.0
2757	0.0
2758	0.0
2759	0.0
2760	0.0
2761	0.0
2762	0.0
2763	0.0
2764	0.0
2765	0.0
2766	0.0
2767	0.0
2768	0.0
2769	0.0
2770	0.0
2771	0.0
2772	0.0
2773	0.0
2774	0.0
2775	3.3
2776	6.5
2777	7.7
2778	10.9
2779	14.7
2780	16.8
2781	17.0
2782	17.8
2783	20.4
2784	21.6
2785	21.9
2786	22.1
2787	22.0
2788	21.6
2789	21.2
2790	20.8
2791	19.9
2792	16.6
2793	15.6
2794	14.9
2795	14.5
2796	14.6
2797	15.3
2798	17.1
2799	20.0
2800	21.4
2801	22.1
2802	22.6
2803	22.8
2804	22.6
2805	20.5
2806	19.3
2807	17.0
2808	15.9
2809	15.8
2810	17.0
2811	19.9
2812	21.2
2813	22.1
2814	23.4
2815	24.1
2816	24.4
2817	24.6
2818	24.6
2819	24.7
2820	24.8
2821	24.9
2822	24.7
2823	24.7
2824	24.7
2825	24.9
2826	25.2
2827	25.4
2828	25.3
2829	25.2
2830	25.1
2831	25.4
2832	25.8
2833	25.8
2834	25.8
2835	26.2
2836	26.5
2837	27.2
2838	28.2
2839	29.1
2840	29.5
2841	29.7
2842	29.9
2843	30.2
2844	30.4
2845	30.4
2846	30.4
2847	30.4
2848	30.5
2849	30.6
2850	30.5
2851	30.1
2852	29.8
2853	29.9
2854	30.2
2855	30.4
2856	30.7
2857	30.9
2858	30.9
2859	30.5
2860	30.1
2861	30.1
2862	30.2
2863	30.7
2864	31.3
2865	31.7
2866	32.0
2867	32.2
2868	32.1
2869	31.6
2870	27.8
2871	24.7
2872	21.2
2873	17.9
2874	14.9
2875	11.6
2876	8.1
2877	4.5
2878	1.5
2879	0.0
2880	0.0
2881	0.0
2882	0.0
2883	0.0
2884	0.0
2885	0.0
2886	0.0
2887	0.0
2888	0.0
2889	0.0
2890	0.0
2891	0.0
2892	0.0
2893	0.0
2894	0.0
2895	0.0
2896	0.0
2897	0.0
2898	0.0
2899	0.0
2900	0.0
2901	0.0
2902	0.0
2903	0.0
2904	0.0
2905	0.0
2906	0.0
2907	0.0
2908	0.0
2909	0.0
2910	0.0
2911	0.0
2912	0.0
2913	0.0
2914	0.0
2915	0.0
2916	0.0
2917	0.0
2918	2.0
2919	5.6
2920	9.0
2921	13.4
2922	17.5
2923	20.4
2924	22.7
2925	23.9
2926	25.0
2927	26.1
2928	26.1
2929	23.8
2930	23.5
2931	23.6
2932	23.8
2933	24.6
2934	26.4
2935	27.3
2936	25.8
2937	23.3
2938	21.5
2939	19.1
2940	17.4
2941	16.9
2942	17.1
2943	18.3
2944	20.8
2945	23.1
2946	25.1
2947	28.0
2948	31.2
2949	34.1
2950	36.2
2951	37.5
2952	39.1
2953	40.7
2954	42.2
2955	43.5
2956	45.0
2957	46.3
2958	46.8
2959	47.0
2960	47.2
2961	47.2
2962	47.2
2963	47.1
2964	47.1
2965	47.1
2966	47.1
2967	47.1
2968	47.2
2969	47.4
2970	47.7
2971	48.2
2972	48.8
2973	49.7
2974	50.2
2975	50.5
2976	50.8
2977	51.2
2978	51.9
2979	52.9
2980	53.9
2981	54.5
2982	54.6
2983	54.6
2984	54.5
2985	54.5
2986	54.6
2987	54.8
2988	55.2
2989	55.7
2990	55.9
2991	56.1
2992	56.3
2993	56.5
2994	56.5
2995	56.6
2996	56.5
2997	56.5
2998	56.4
2999	56.4
3000	56.3
3001	56.3
3002	56.3
3003	56.2
3004	55.7
3005	55.3
3006	54.9
3007	54.4
3008	54.0
3009	53.6
3010	53.5
3011	53.8
3012	54.3
3013	54.2
3014	54.0
3015	53.7
3016	53.4
3017	53.0
3018	52.7
3019	52.3
3020	52.2
3021	52.0
3022	51.7
3023	51.6
3024	51.4
3025	51.5
3026	51.8
3027	52.2
3028	52.5
3029	53.0
3030	53.9
3031	54.6
3032	55.1
3033	55.5
3034	55.6
3035	55.7
3036	55.7
3037	55.6
3038	55.3
3039	54.6
3040	53.2
3041	51.9
3042	51.6
3043	51.2
3044	51.0
3045	50.7
3046	50.3
3047	50.0
3048	49.7
3049	49.5
3050	49.3
3051	49.2
3052	49.2
3053	49.2
3054	48.9
3055	48.6
3056	48.2
3057	47.7
3058	46.6
3059	44.9
3060	43.9
3061	42.3
3062	41.1
3063	39.7
3064	38.7
3065	36.8
3066	34.8
3067	33.5
3068	32.3
3069	31.6
3070	31.0
3071	30.3
3072	29.6
3073	28.8
3074	27.1
3075	24.0
3076	20.9
3077	19.9
3078	18.5
3079	17.4
3080	16.3
3081	15.0
3082	12.6
3083	10.2
3084	6.6
3085	3.0
3086	0.9
3087	0.2
3088	0.0
3089	0.0
3090	0.0
3091	0.0
3092	0.0
3093	0.0
3094	0.0
3095	0.0
3096	0.0
3097	0.0
3098	0.0
3099	0.0
3100	0.0
3101	1.4
3102	4.2
3103	7.2
3104	11.8
3105	15.0
3106	17.4
3107	20.2
3108	22.2
3109	23.0
3110	24.1
3111	26.5
3112	28.2
3113	29.6
3114	30.7
3115	31.4
3116	31.7
3117	32.3
3118	33.2
3119	34.1
3120	34.5
3121	34.6
3122	34.6
3123	34.5
3124	34.7
3125	35.1
3126	35.8
3127	36.1
3128	36.0
3129	35.8
3130	35.7
3131	35.7
3132	35.8
3133	36.2
3134	36.3
3135	36.3
3136	36.0
3137	35.4
3138	34.7
3139	33.0
3140	30.6
3141	28.1
3142	25.4
3143	22.9
3144	20.0
3145	17.1
3146	14.2
3147	11.1
3148	7.9
3149	4.4
3150	1.1
3151	0.1
3152	0.0
3153	0.0
3154	0.0
3155	0.0
3156	0.4
3157	4.0
3158	5.4
3159	8.8
3160	12.4
3161	16.0
3162	19.2
3163	22.2
3164	24.7
3165	26.0
3166	27.3
3167	28.9
3168	29.8
3169	30.1
3170	30.1
3171	29.8
3172	29.5
3173	28.9
3174	27.8
3175	24.6
3176	21.2
3177	17.9
3178	14.6
3179	11.1
3180	7.4
3181	3.8
3182	1.3
3183	0.1
3184	0.0
3185	0.0
3186	0.0
3187	0.0
3188	0.0
3189	0.0
3190	0.0
3191	0.0
3192	0.0
3193	0.0
3194	0.0
3195	0.0
3196	0.0
3197	0.0
3198	0.0
3199	0.0
3200	0.0
3201	0.0
3202	3.0
3203	5.3
3204	9.4
3205	13.7
3206	16.8
3207	19.7
3208	22.6
3209	25.6
3210	27.9
3211	29.2
3212	31.2
3213	32.9
3214	33.4
3215	34.2
3216	35.1
3217	35.6
3218	36.0
3219	36.1
3220	36.0
3221	36.0
3222	35.9
3223	35.7
3224	35.8
3225	35.9
3226	35.8
3227	35.7
3228	35.6
3229	35.4
3230	35.2
3231	35.1
3232	35.0
3233	35.0
3234	34.9
3235	34.9
3236	35.0
3237	35.3
3238	35.5
3239	35.4
3240	35.1
3241	35.0
3242	34.9
3243	34.8
3244	34.7
3245	34.5
3246	33.4
3247	31.6
3248	29.7
3249	27.4
3250	24.9
3251	22.2
3252	19.3
3253	16.2
3254	12.9
3255	9.5
3256	6.1
3257	2.8
3258	0.9
3259	0.0
3260	0.0
3261	0.0
3262	0.0
3263	0.0
3264	0.0
3265	1.3
3266	3.5
3267	3.7
3268	5.6
3269	7.9
3270	9.5
3271	10.8
3272	12.3
3273	14.1
3274	16.2
3275	17.5
3276	18.4
3277	19.5
3278	20.7
3279	21.9
3280	22.8
3281	23.7
3282	24.5
3283	24.8
3284	25.0
3285	25.0
3286	25.1
3287	25.1
3288	25.0
3289	25.1
3290	25.3
3291	25.5
3292	25.7
3293	25.6
3294	25.4
3295	25.2
3296	25.2
3297	25.1
3298	24.6
3299	21.9
3300	18.1
3301	14.5
3302	11.2
3303	7.9
3304	4.6
3305	1.6
3306	0.0
3307	0.0
3308	0.0
3309	0.0
3310	0.0
3311	0.0
3312	0.0
3313	0.0
3314	0.0
3315	0.0
3316	0.0
3317	0.0
3318	0.0
3319	0.0
3320	0.0
3321	0.0
3322	0.0
3323	3.3
3324	5.6
3325	9.5
3326	13.2
3327	15.1
3328	16.2
3329	16.7
3330	16.9
3331	16.9
3332	17.1
3333	17.2
3334	17.4
3335	17.4
3336	17.2
3337	17.0
3338	16.8
3339	16.9
3340	17.0
3341	16.9
3342	16.7
3343	16.6
3344	16.5
3345	16.6
3346	16.9
3347	17.6
3348	18.4
3349	19.3
3350	20.2
3351	20.9
3352	21.2
3353	21.3
3354	21.7
3355	22.0
3356	22.3
3357	22.4
3358	22.4
3359	22.5
3360	22.7
3361	23.5
3362	25.2
3363	26.8
3364	27.2
3365	27.3
3366	26.0
3367	22.3
3368	19.4
3369	15.9
3370	12.6
3371	9.2
3372	5.9
3373	2.4
3374	0.0
3375	0.0
3376	0.0
3377	0.0
3378	0.0
3379	0.0
3380	0.0
3381	0.0
3382	0.0
3383	0.0
3384	0.0
3385	0.0
3386	0.0
3387	0.0
3388	0.0
3389	0.0
3390	0.0
3391	0.0
3392	0.0
3393	0.0
3394	0.0
3395	0.0
3396	0.0
3397	0.0
3398	0.0
3399	0.0
3400	2.8
3401	4.6
3402	7.3
3403	10.0
3404	12.2
3405	14.0
3406	15.5
3407	17.3
3408	19.6
3409	21.1
3410	22.0
3411	23.1
3412	24.4
3413	25.1
3414	25.5
3415	25.9
3416	27.1
3417	27.1
3418	26.7
3419	26.6
3420	26.5
3421	26.3
3422	25.9
3423	25.4
3424	22.6
3425	20.1
3426	17.9
3427	15.8
3428	13.5
3429	11.1
3430	8.2
3431	5.6
3432	3.1
3433	1.0
3434	0.0
3435	0.0
3436	0.0
3437	0.0
3438	0.0
3439	0.0
3440	0.0
3441	0.0
3442	0.0
3443	0.0
3444	0.0
3445	0.0
3446	0.0
3447	0.0
3448	2.7
3449	3.5
3450	4.2
3451	7.3
3452	9.7
3453	11.8
3454	13.7
3455	14.9
3456	15.9
3457	16.6
3458	16.8
3459	16.7
3460	17.4
3461	18.8
3462	20.4
3463	21.2
3464	22.1
3465	22.7
3466	22.4
3467	22.4
3468	22.7
3469	23.1
3470	22.7
3471	21.3
3472	20.1
3473	16.7
3474	13.6
3475	10.8
3476	7.9
3477	5.2
3478	3.4
3479	2.6
3480	2.2
3481	0.4
3482	1.4
3483	4.2
3484	6.7
3485	10.5
3486	13.1
3487	14.5
3488	15.9
3489	17.8
3490	19.8
3491	21.5
3492	22.9
3493	24.1
3494	25.4
3495	26.3
3496	26.7
3497	27.2
3498	27.6
3499	28.1
3500	28.4
3501	28.5
3502	28.5
3503	28.4
3504	28.3
3505	28.0
3506	27.0
3507	25.1
3508	23.3
3509	21.0
3510	18.7
3511	16.4
3512	13.7
3513	11.0
3514	8.0
3515	5.0
3516	2.6
3517	2.2
3518	1.7
3519	0.7
3520	0.8
3521	4.1
3522	6.8
3523	10.4
3524	13.5
3525	15.9
3526	17.1
3527	17.8
3528	18.8
3529	20.7
3530	22.4
3531	23.7
3532	25.1
3533	26.4
3534	27.2
3535	27.8
3536	28.5
3537	29.0
3538	29.1
3539	29.0
3540	28.8
3541	28.6
3542	28.4
3543	28.3
3544	28.2
3545	28.0
3546	27.8
3547	27.7
3548	27.6
3549	27.5
3550	27.5
3551	27.5
3552	27.5
3553	27.7
3554	27.9
3555	28.4
3556	30.0
3557	31.5
3558	32.0
3559	32.7
3560	33.0
3561	33.4
3562	33.8
3563	34.1
3564	34.2
3565	34.1
3566	34.0
3567	33.8
3568	33.5
3569	33.2
3570	32.9
3571	32.6
3572	32.2
3573	31.9
3574	31.7
3575	31.4
3576	30.8
3577	30.3
3578	29.9
3579	29.8
3580	29.7
3581	29.6
3582	29.5
3583	29.4
3584	29.3
3585	29.2
3586	28.9
3587	28.4
3588	27.8
3589	26.8
3590	25.1
3591	23.0
3592	21.5
3593	20.0
3594	19.4
3595	19.3
3596	19.4
3597	20.3
3598	21.2
3599	21.9
3600	22.6
3601	23.2
3602	24.1
3603	25.3
3604	26.0
3605	26.4
3606	26.5
3607	26.7
3608	26.9
3609	27.1
3610	27.6
3611	27.9
3612	28.6
3613	29.0
3614	29.0
3615	29.0
3616	28.8
3617	28.4
3618	27.8
3619	27.2
3620	25.5
3621	24.5
3622	24.2
3623	24.3
3624	24.6
3625	25.0
3626	25.6
3627	26.6
3628	27.2
3629	27.4
3630	27.7
3631	28.3
3632	28.9
3633	29.2
3634	29.2
3635	29.2
3636	29.0
3637	28.7
3638	28.4
3639	28.2
3640	28.0
3641	27.6
3642	27.2
3643	26.9
3644	26.8
3645	27.0
3646	27.2
3647	27.3
3648	27.5
3649	27.6
3650	27.8
3651	27.8
3652	27.6
3653	27.3
3654	27.1
3655	26.8
3656	26.6
3657	26.5
3658	26.4
3659	26.2
3660	26.1
3661	26.0
3662	25.8
3663	25.7
3664	25.7
3665	25.7
3666	25.6
3667	25.4
3668	23.8
3669	22.4
3670	21.7
3671	21.4
3672	21.1
3673	21.2
3674	21.7
3675	22.9
3676	23.8
3677	24.2
3678	24.4
3679	24.6
3680	24.8
3681	25.0
3682	25.1
3683	25.2
3684	25.1
3685	25.0
3686	25.0
3687	25.0
3688	24.9
3689	24.6
3690	24.5
3691	24.3
3692	24.4
3693	24.8
3694	24.9
3695	24.8
3696	24.7
3697	24.3
3698	24.4
3699	24.8
3700	25.4
3701	25.3
3702	22.8
3703	20.8
3704	18.8
3705	15.9
3706	13.1
3707	9.8
3708	6.4
3709	2.8
3710	0.9
3711	0.0
3712	0.0
3713	0.0
3714	2.0
3715	4.9
3716	8.7
3717	12.9
3718	15.8
3719	17.0
3720	17.7
3721	18.7
3722	20.1
3723	21.4
3724	22.8
3725	24.8
3726	26.7
3727	27.6
3728	28.0
3729	28.1
3730	28.3
3731	28.4
3732	28.3
3733	28.1
3734	27.7
3735	27.4
3736	27.0
3737	26.5
3738	26.0
3739	25.5
3740	24.8
3741	23.5
3742	21.4
3743	21.3
3744	21.1
3745	21.2
3746	21.7
3747	23.0
3748	23.3
3749	23.1
3750	22.9
3751	22.8
3752	22.7
3753	22.8
3754	23.3
3755	23.7
3756	24.0
3757	24.4
3758	24.8
3759	25.3
3760	25.6
3761	25.6
3762	25.1
3763	24.2
3764	23.7
3765	23.1
3766	22.7
3767	22.4
3768	22.1
3769	21.6
3770	19.4
3771	15.6
3772	11.9
3773	9.4
3774	6.0
3775	2.7
3776	0.9
3777	0.2
3778	0.0
3779	0.0
3780	0.0
3781	0.0
3782	0.0
3783	0.0
3784	0.0
3785	0.0
3786	0.0
3787	0.0
3788	0.0
3789	0.0
3790	0.0
3791	0.0
3792	0.0
3793	0.0
3794	0.0
3795	0.0
3796	0.0
3797	0.0
3798	0.0
3799	0.0
3800	0.0
3801	0.0
3802	0.0
3803	0.0
3804	0.0
3805	0.0
3806	0.0
3807	1.1
3808	4.5
3809	7.5
3810	11.8
3811	15.4
3812	17.3
3813	18.1
3814	19.6
3815	21.6
3816	22.9
3817	23.5
3818	24.4
3819	25.3
3820	26.1
3821	26.7
3822	27.2
3823	27.7
3824	28.0
3825	27.9
3826	27.5
3827	27.0
3828	26.9
3829	25.5
3830	23.6
3831	22.5
3832	21.3
3833	19.8
3834	17.4
3835	14.5
3836	11.7
3837	10.8
3838	9.9
3839	9.5
3840	9.0
3841	8.6
3842	8.4
3843	8.4
3844	8.6
3845	8.9
3846	8.8
3847	8.6
3848	8.0
3849	6.5
3850	5.1
3851	3.4
3852	2.6
3853	1.5
3854	0.0
3855	0.0
3856	0.0
3857	2.3
3858	4.8
3859	6.8
3860	10.3
3861	12.8
3862	13.8
3863	14.4
3864	16.1
3865	18.4
3866	20.2
3867	20.9
3868	21.1
3869	21.1
3870	21.2
3871	21.5
3872	22.1
3873	22.6
3874	23.3
3875	24.3
3876	25.1
3877	25.3
3878	25.2
3879	25.3
3880	25.5
3881	25.9
3882	26.1
3883	26.4
3884	26.6
3885	26.8
3886	27.0
3887	27.1
3888	27.1
3889	27.0
3890	26.9
3891	26.8
3892	26.7
3893	26.5
3894	26.2
3895	25.4
3896	24.7
3897	22.8
3898	21.1
3899	18.8
3900	17.0
3901	14.9
3902	12.7
3903	9.9
3904	6.7
3905	3.1
3906	0.0
3907	0.0
3908	0.0
3909	0.0
3910	0.0
3911	0.0
3912	0.0
3913	0.0
3914	0.0
3915	0.0
3916	0.0
3917	0.0
3918	0.0
3919	0.0
3920	0.0
3921	0.0
3922	0.1
3923	3.1
3924	5.4
3925	8.8
3926	12.6
3927	16.1
3928	19.1
3929	21.6
3930	22.8
3931	23.1
3932	23.0
3933	22.5
3934	19.4
3935	16.2
3936	13.2
3937	9.9
3938	6.6
3939	3.0
3940	0.2
3941	0.0
3942	0.0
3943	0.0
3944	0.0
3945	0.0
3946	0.0
3947	0.0
3948	0.0
3949	0.0
3950	0.0
3951	0.0
3952	1.5
3953	3.8
3954	5.5
3955	9.2
3956	11.7
3957	12.7
3958	12.9
3959	12.6
3960	12.5
3961	12.6
3962	13.0
3963	14.0
3964	15.5
3965	17.4
3966	18.8
3967	19.6
3968	20.4
3969	21.1
3970	21.5
3971	21.8
3972	21.6
3973	21.5
3974	21.4
3975	21.6
3976	21.8
3977	21.8
3978	21.8
3979	21.7
3980	21.7
3981	21.5
3982	20.3
3983	19.3
3984	19.2
3985	19.4
3986	19.6
3987	19.6
3988	19.5
3989	17.0
3990	14.7
3991	11.9
3992	9.7
3993	7.8
3994	5.6
3995	3.4
3996	2.2
3997	1.7
3998	0.0
3999	0.0
4000	0.0
4001	0.0
4002	0.0
4003	0.0
4004	0.0
4005	0.1
4006	1.2
4007	1.5
4008	1.3
4009	1.4
4010	1.5
4011	2.0
4012	2.9
4013	3.0
4014	3.7
4015	5.1
4016	7.6
4017	9.5
4018	10.3
4019	8.8
4020	7.4
4021	7.4
4022	8.2
4023	11.4
4024	14.3
4025	17.2
4026	19.5
4027	20.4
4028	20.8
4029	21.6
4030	22.7
4031	23.5
4032	23.9
4033	24.3
4034	24.5
4035	24.2
4036	23.9
4037	23.5
4038	23.4
4039	23.4
4040	23.3
4041	23.4
4042	23.7
4043	23.8
4044	24.1
4045	24.4
4046	24.8
4047	25.0
4048	25.3
4049	25.6
4050	25.8
4051	26.1
4052	26.7
4053	27.6
4054	28.3
4055	28.9
4056	29.1
4057	28.9
4058	27.4
4059	23.7
4060	20.7
4061	17.5
4062	14.3
4063	10.8
4064	7.2
4065	3.6
4066	0.7
4067	0.0
4068	0.0
4069	0.0
4070	0.0
4071	0.0
4072	0.0
4073	0.0
4074	0.0
4075	0.0
4076	0.0
4077	0.0
4078	0.0
4079	0.0
4080	0.0
4081	0.0
4082	0.0
4083	0.0
4084	0.0
4085	0.0
4086	0.0
4087	0.0
4088	0.0
4089	0.0
4090	0.0
4091	0.0
4092	2.2
4093	4.9
4094	8.4
4095	11.8
4096	13.7
4097	15.0
4098	16.2
4099	17.8
4100	19.5
4101	20.8
4102	21.3
4103	21.7
4104	22.1
4105	22.3
4106	22.2
4107	21.7
4108	21.2
4109	20.7
4110	20.3
4111	19.5
4112	18.4
4113	17.3
4114	16.5
4115	15.4
4116	13.3
4117	10.3
4118	7.7
4119	4.2
4120	1.4
4121	0.0
4122	0.0
4123	0.0
4124	0.0
4125	0.0
4126	0.0
4127	0.0
4128	0.0
4129	0.0
4130	0.0
4131	0.0
4132	0.0
4133	0.0
4134	0.0
4135	0.0
4136	0.0
4137	0.0
4138	0.0
4139	0.0
4140	0.0
4141	0.0
4142	0.0
4143	0.0
4144	0.0
4145	0.0
4146	0.0
4147	0.0
4148	0.0
4149	0.0
4150	0.0
4151	0.0
4152	0.0
4153	0.0
4154	0.0
4155	0.0
4156	0.0
4157	0.0
4158	0.0
4159	0.0
4160	0.0
4161	0.0
4162	0.0
4163	0.0
4164	0.0
4165	0.0
4166	0.0
4167	0.0
4168	0.0
4169	0.0
4170	0.0
4171	0.0
4172	0.0
4173	0.0
4174	0.0
4175	0.0
4176	0.0
4177	0.0
4178	0.0
4179	0.0
4180	0.0
4181	0.0
4182	0.0
4183	0.0
4184	0.0
4185	0.0
4186	0.0
4187	0.0
4188	0.0
4189	0.0
4190	0.0
4191	0.0
4192	0.0
4193	0.0
4194	0.0
4195	0.0
4196	0.0
4197	0.0
4198	0.0
4199	0.0
4200	0.0
4201	0.0
4202	0.0
4203	0.0
4204	0.0
4205	0.0
4206	0.0
4207	0.0
4208	0.0
4209	0.0
4210	0.0
4211	0.0
4212	0.0
4213	0.0
4214	0.0
4215	0.0
4216	0.0
4217	0.0
4218	0.0
4219	0.0
4220	0.0
4221	0.0
4222	0.0
4223	0.0
4224	0.0
4225	0.0
4226	0.0
4227	0.4
4228	1.6
4229	2.8
4230	7.1
4231	13.7
4232	21.4
4233	27.4
4234	25.4
4235	28.7
4236	32.4
4237	34.8
4238	36.6
4239	37.9
4240	40.7
4241	42.7
4242	43.4
4243	43.6
4244	43.5
4245	42.6
4246	39.7
4247	39.1
4248	38.2
4249	38.0
4250	38.2
4251	38.4
4252	38.5
4253	36.6
4254	32.2
4255	26.9
4256	22.0
4257	16.6
4258	10.2
4259	4.7
4260	0.7
4261	0.0
4262	0.0
4263	0.0
4264	0.0
4265	0.0
4266	0.0
4267	0.0
4268	0.0
4269	2.6
4270	8.2
4271	12.9
4272	17.7
4273	22.6
4274	27.8
4275	31.2
4276	33.3
4277	37.1
4278	41.2
4279	43.9
4280	46.1
4281	47.5
4282	49.5
4283	51.7
4284	53.2
4285	54.4
4286	55.5
4287	56.4
4288	56.3
4289	55.9
4290	55.4
4291	54.9
4292	54.5
4293	54.1
4294	53.8
4295	53.6
4296	53.4
4297	52.5
4298	51.8
4299	51.7
4300	51.7
4301	51.9
4302	52.2
4303	52.7
4304	54.2
4305	55.9
4306	57.3
4307	59.3
4308	61.6
4309	63.3
4310	64.8
4311	66.5
4312	68.0
4313	69.5
4314	70.4
4315	70.1
4316	69.8
4317	69.6
4318	68.8
4319	66.2
4320	64.1
4321	62.6
4322	61.6
4323	60.2
4324	58.6
4325	57.3
4326	55.3
4327	53.8
4328	52.2
4329	50.8
4330	49.3
4331	47.5
4332	45.6
4333	43.0
4334	40.5
4335	38.7
4336	37.9
4337	36.5
4338	34.5
4339	28.6
4340	23.4
4341	19.1
4342	14.5
4343	9.9
4344	5.4
4345	2.0
4346	1.0
4347	1.0
4348	0.0
4349	0.1
4350	0.0
4351	0.0
4352	0.0
4353	0.0
4354	0.0
4355	0.1
4356	4.1
4357	9.0
4358	15.7
4359	22.9
4360	29.8
4361	35.7
4362	40.0
4363	42.6
4364	45.2
4365	46.5
4366	48.2
4367	49.7
4368	50.6
4369	51.5
4370	52.0
4371	52.6
4372	53.2
4373	53.5
4374	53.3
4375	53.4
4376	54.6
4377	56.5
4378	57.1
4379	57.6
4380	58.4
4381	59.7
4382	60.0
4383	60.0
4384	60.3
4385	59.9
4386	58.8
4387	58.2
4388	57.5
4389	57.0
4390	56.9
4391	56.7
4392	56.7
4393	56.4
4394	56.3
4395	56.4
4396	56.7
4397	56.7
4398	56.4
4399	56.0
4400	55.8
4401	55.8
4402	55.3
4403	54.7
4404	54.4
4405	52.8
4406	55.9
4407	56.1
4408	56.5
4409	57.9
4410	59.0
4411	59.1
4412	59.6
4413	61.2
4414	61.9
4415	61.9
4416	62.1
4417	62.1
4418	62.3
4419	62.2
4420	62.5
4421	63.0
4422	62.6
4423	62.5
4424	62.9
4425	63.4
4426	63.3
4427	63.6
4428	64.1
4429	64.5
4430	64.7
4431	65.4
4432	66.0
4433	65.9
4434	65.9
4435	63.9
4436	63.5
4437	63.5
4438	63.7
4439	63.5
4440	63.8
4441	63.6
4442	63.5
4443	63.7
4444	63.6
4445	64.0
4446	63.8
4447	63.7
4448	63.8
4449	63.6
4450	63.2
4451	63.8
4452	64.1
4453	64.1
4454	64.5
4455	65.2
4456	65.3
4457	64.7
4458	63.9
4459	63.3
4460	63.2
4461	63.0
4462	63.6
4463	63.4
4464	62.9
4465	62.6
4466	62.6
4467	63.1
4468	63.5
4469	63.1
4470	62.7
4471	62.4
4472	62.9
4473	62.9
4474	62.4
4475	62.1
4476	62.0
4477	62.0
4478	62.3
4479	62.1
4480	62.4
4481	62.6
4482	62.3
4483	62.2
4484	62.1
4485	61.9
4486	62.8
4487	62.6
4488	62.3
4489	62.4
4490	62.1
4491	61.9
4492	61.8
4493	61.9
4494	62.1
4495	62.2
4496	62.0
4497	62.0
4498	62.2
4499	62.0
4500	61.9
4501	62.2
4502	62.6
4503	62.7
4504	63.6
4505	64.8
4506	65.0
4507	65.3
4508	65.8
4509	66.3
4510	66.8
4511	67.2
4512	67.6
4513	68.3
4514	68.4
4515	68.6
4516	69.1
4517	69.7
4518	71.6
4519	72.6
4520	74.5
4521	72.2
4522	71.2
4523	71.5
4524	72.1
4525	72.4
4526	72.8
4527	72.5
4528	71.8
4529	71.2
4530	70.9
4531	70.8
4532	70.9
4533	70.8
4534	70.8
4535	71.0
4536	72.0
4537	73.2
4538	74.2
4539	75.2
4540	76.2
4541	77.6
4542	78.6
4543	79.4
4544	78.3
4545	75.8
4546	75.3
4547	76.2
4548	77.5
4549	78.4
4550	78.8
4551	79.4
4552	79.8
4553	79.8
4554	80.0
4555	79.8
4556	79.2
4557	78.9
4558	78.7
4559	78.4
4560	77.6
4561	76.6
4562	74.4
4563	72.9
4564	70.3
4565	68.1
4566	67.4
4567	66.8
4568	66.1
4569	65.8
4570	65.9
4571	66.3
4572	67.3
4573	67.6
4574	68.1
4575	68.1
4576	68.2
4577	68.0
4578	67.8
4579	67.6
4580	67.1
4581	66.5
4582	66.2
4583	65.7
4584	65.9
4585	66.4
4586	66.1
4587	66.1
4588	66.9
4589	67.8
4590	68.0
4591	68.2
4592	68.5
4593	69.0
4594	68.8
4595	69.1
4596	69.4
4597	69.2
4598	69.5
4599	70.1
4600	70.5
4601	70.5
4602	70.3
4603	70.3
4604	69.8
4605	69.3
4606	69.4
4607	69.9
4608	69.6
4609	69.2
4610	69.6
4611	69.4
4612	69.2
4613	69.6
4614	70.1
4615	69.9
4616	70.0
4617	70.7
4618	70.7
4619	70.5
4620	70.3
4621	70.5
4622	71.1
4623	71.3
4624	71.0
4625	71.4
4626	71.7
4627	72.0
4628	72.4
4629	72.0
4630	71.6
4631	71.4
4632	71.3
4633	72.0
4634	72.7
4635	72.9
4636	72.9
4637	72.3
4638	71.6
4639	70.9
4640	70.3
4641	70.5
4642	70.9
4643	70.7
4644	71.0
4645	70.5
4646	70.1
4647	69.4
4648	68.7
4649	68.2
4650	67.9
4651	67.7
4652	67.6
4653	67.5
4654	67.7
4655	67.7
4656	67.3
4657	67.1
4658	66.7
4659	66.5
4660	66.6
4661	66.2
4662	66.2
4663	65.8
4664	65.8
4665	65.0
4666	61.6
4667	60.9
4668	61.5
4669	61.3
4670	61.1
4671	60.8
4672	61.3
4673	61.5
4674	62.1
4675	62.1
4676	61.8
4677	61.9
4678	62.2
4679	61.8
4680	62.0
4681	62.6
4682	62.3
4683	62.4
4684	62.0
4685	62.0
4686	62.0
4687	62.7
4688	62.4
4689	61.9
4690	60.9
4691	59.7
4692	58.8
4693	56.5
4694	55.4
4695	53.4
4696	50.7
4697	49.9
4698	48.5
4699	47.2
4700	44.0
4701	40.6
4702	36.9
4703	34.9
4704	31.9
4705	28.1
4706	21.7
4707	16.8
4708	16.3
4709	13.0
4710	8.0
4711	3.5
4712	0.7
4713	0.0
4714	0.0
4715	0.0
4716	0.0
4717	0.0
4718	0.0
4719	0.0
4720	0.0
4721	0.1
4722	5.6
4723	10.1
4724	15.5
4725	20.8
4726	25.5
4727	27.5
4728	27.7
4729	26.5
4730	24.0
4731	20.7
4732	15.7
4733	10.6
4734	6.6
4735	8.7
4736	12.7
4737	16.6
4738	20.6
4739	24.4
4740	26.9
4741	28.0
4742	27.7
4743	23.9
4744	20.0
4745	15.5
4746	10.9
4747	6.8
4748	4.2
4749	1.9
4750	2.3
4751	3.4
4752	7.5
4753	12.2
4754	17.3
4755	22.6
4756	26.8
4757	27.7
4758	27.7
4759	27.2
4760	24.2
4761	19.8
4762	13.6
4763	8.2
4764	3.9
4765	2.6
4766	4.4
4767	9.5
4768	13.8
4769	18.1
4770	22.6
4771	26.7
4772	29.6
4773	29.1
4774	24.3
4775	19.8
4776	15.3
4777	10.3
4778	5.7
4779	1.5
4780	0.0
4781	0.0
4782	0.0
4783	0.0
4784	0.0
4785	0.0
4786	0.0
4787	0.0
4788	1.1
4789	6.5
4790	12.2
4791	18.5
4792	24.0
4793	29.3
4794	36.3
4795	38.5
4796	41.4
4797	46.1
4798	50.1
4799	51.2
4800	51.0
4801	50.6
4802	49.9
4803	47.8
4804	44.3
4805	40.8
4806	36.8
4807	32.8
4808	27.3
4809	22.7
4810	18.2
4811	11.7
4812	4.6
4813	1.0
4814	0.0
4815	0.0
4816	0.0
4817	0.0
4818	0.0
4819	0.0
4820	0.0
4821	0.0
4822	0.0
4823	0.0
4824	0.0
4825	0.0
4826	0.0
4827	0.0
4828	0.0
4829	0.0
4830	0.0
